2 0.261933150743033 0.261933150191321 0.999999997420763
2 0.476133223298253 0.000000481443288 0.666668005488930
1 0.162174195349239 0.419438108774174 0.871079636612659
1 0.048073239022524 0.209193945707783 0.204411183777154
1 0.548070075211926 0.290806150567392 0.128920365266625
1 0.662173856670520 0.080560529987450 0.462254041628697
1 0.289754292485579 0.128633593103205 0.795588821678361
2 0.761934109932008 0.238066853439096 0.333331997340287
1 0.789753857286923 0.371367186786293 0.537745950786525
1 0.048070075211922 0.790806150567395 0.128920365266627
1 0.162173856670525 0.580560529987450 0.462254041628691
2 0.761933150743031 0.761933150191326 0.999999997420771
2 0.976133223298235 0.500000481443288 0.666668005488933
2 0.261934109932002 0.738066853439103 0.333331997340303
1 0.662174195349235 0.919438108774174 0.871079636612660
1 0.289753857286916 0.871367186786283 0.537745950786513
1 0.548073239022537 0.709193945707783 0.204411183777146
1 0.789754292485588 0.628633593103199 0.795588821678355